2018-05-07
jawad
	3
	6
	1
	5
	12
	3
	0
	1
azra
	5
	2
	5
	4
	7
	5
	1
	1
2018-05-08
jawad
	0
	9
	3
	3
	22
	5
	2
	0
azra
	1
	4
	8
	3
	16
	0
	1
	0
2018-05-09
jawad
	0
	24
	4
	6
	10
	16
	0
	1
azra
	0
	14
	4
	0
	10
	4
	1
	1
2018-05-10
jawad
	2
	10
	4
	8
	7
	5
	3
	6
azra
	1
	7
	6
	4
	17
	1
	0
	3
2018-05-15
jawad
	1
	16
	2
	11
	25
	8
	1
	4
azra
	0
	10
	8
	8
	13
	3
	6
	7
2018-05-16
jawad
	1
	21
	0
	4
	43
	8
	14
	1
azra
	3
	8
	2
	3
	12
	4
	3
	4
2018-05-17
jawad
	4
	13
	5
	11
	19
	9
	0
	0
azra
	1
	3
	5
	2
	5
	1
	0
	2
2018-05-22
jawad
	3
	10
	2
	9
	23
	8
	7
	5
azra
	6
	4
	5
	5
	14
	6
	1
	4
2018-05-23
jawad
	4
	27
	1
	14
	15
	16
	2
	15
azra
	2
	12
	12
	6
	15
	3
	2
	5
2018-05-24
jawad
	0
	5
	3
	3
	3
	0
	3
	8
azra
	4
	4
	4
	0
	1
	1
	0
	0
2018-05-29
jawad
	7
	6
	5
	15
	10
	5
	3
	5
azra
	3
	3
	8
	5
	7
	2
	0
	2
2018-05-30
jawad
	14
	9
	5
	7
	11
	2
	4
	6
azra
	6
	5
	1
	5
	8
	4
	0
	8
2018-05-31
jawad
	7
	14
	7
	9
	6
	3
	4
	4
azra
	5
	3
	6
	10
	16
	4
	1
	4
2018-06-04
jawad
	2
	9
	2
	5
	8
	10
	3
	3
azra
	3
	6
	3
	7
	16
	2
	2
	6
2018-06-05
jawad
	4
	6
	2
	2
	16
	6
	1
	1
azra
	4
	6
	3
	4
	11
	5
	3
	8
2018-06-07
jawad
	0
	3
	1
	5
	4
	1
	1
	4
azra
	0
	2
	3
	1
	6
	1
	0
	2
2018-06-08
jawad
	0
	4
	2
	1
	4
	3
	0
	6
azra
	0
	4
	0
	6
	10
	3
	0
	0
2018-06-11
jawad
	3
	12
	4
	1
	10
	2
	0
	6
azra
	1
	6
	3
	6
	10
	3
	0
	6
